<?xml version="1.0" encoding="utf-8"?>
<!-- Generator: flash2svg, http://dissentgraphics.com/tools/flash2svg -->
<svg xmlns:xlink="http://www.w3.org/1999/xlink" id="VWorkspace" image-rendering="optimizeSpeed" baseProfile="basic" version="1.1" style="background-color:#ffffff" x="0px" y="0px" width="1024px" height="1024px" viewBox="0 0 1024 1024" enable-background="new 0 0 1024 1024" xmlns="http://www.w3.org/2000/svg">
  <defs transform="matrix(1 0 0 1 0 0) "/>
  <g id="shadow">
    <g id="shape">
      <path id="path" fill="#000000" fill-opacity="0.09803921568627451" d="M969.65,351.3 Q961.05,330.45 950.25,310.45 C946.2,302.9 941.9,295.4 937.35,288.05 917.8,256.35 893.95,226.4 865.8,198.25 773.65,106.1 662.35,60 532,60 401.65,60 290.4,106.1 198.25,198.25 106.1,290.4 60,401.65 60,532 60,662.35 106.1,773.65 198.25,865.8 290.4,957.95 401.65,1004 532,1004 662.35,1004 773.65,957.95 865.8,865.8 916.55,815 953.35,758.4 976.15,696.05 994.7,645.2 1004,590.55 1004,532 1004,487.1 998.55,444.45 987.6,404.05 986.35,399.5 985.05,394.95 983.7,390.45 979.6,377.15 974.9,364.1 969.65,351.3z"/>
    </g>
  </g>
  <g id="criclebg">
    <g id="shape2">
      <path id="path1" fill="#507AA9" fill-opacity="1" d="M849.15,181.65 C848.05,180.5 846.95,179.4 845.85,178.3 811.5,143.95 774.55,116.05 734.95,94.55 728.25,90.9 721.5,87.45 714.3,84 679.25,67.25 641.8,55.15 602.4,48 599.3,47.45 596.2,46.9 593.05,46.4 592.75,46.35 592.45,46.3 592.2,46.25 588,45.6 583.8,45 579.45,44.4 575.4,43.9 571.25,43.4 567.05,42.95 563.45,42.55 559.85,42.2 556.05,41.9 551.6,41.5 546.9,41.15 542.15,40.9 541.7,40.85 541.3,40.85 540.85,40.85 531.35,40.3 521.75,40.05 512.05,40.05 502.7,40.05 493.45,40.3 484.15,40.8 482.45,40.9 480.75,41 479.05,41.1 475.4,41.3 471.75,41.55 468.05,41.9 461.95,42.4 455.85,43 449.8,43.75 448,43.95 446.25,44.15 444.6,44.4 401,50.15 359.9,61.6 321.3,78.75 317.45,80.45 313.6,82.2 309.75,84.05 262.25,106.7 218.5,138.1 178.3,178.3 177.75,178.85 177.25,179.35 176.75,179.85 176.1,180.5 175.5,181.1 174.9,181.75 134.45,222.9 103.15,267.8 80.9,316.5 73.05,333.65 66.4,351.1 60.85,369 Q40.05,436.2 40.05,512.05 C40.05,640.8 85,750.95 174.9,842.45 175.5,843.05 176.1,843.65 176.75,844.3 177.25,844.8 177.75,845.3 178.3,845.85 218.7,886.2 262.75,917.75 309.75,940.1 313.7,941.95 317.5,943.7 321.3,945.4 326.85,947.85 332.1,950.05 337.4,952.15 343.85,954.75 350,957 356.2,959.1 384.8,968.9 414.4,975.8 444.6,979.75 446.5,980 448.15,980.2 449.8,980.4 461.3,981.8 472.65,982.75 484.15,983.35 484.3,983.35 484.4,983.35 484.55,983.35 493.05,983.8 501.15,984.05 509.05,984.05 510.25,984.05 511.15,984.05 512.05,984.05 521.8,984.05 531.4,983.8 540.85,983.35 541.3,983.3 541.7,983.3 542.15,983.25 544.65,983.1 546.9,982.95 549.1,982.8 559.4,982.05 569.55,981.05 579.45,979.75 587.25,978.7 594.9,977.5 602.4,976.15 604.3,975.8 606.05,975.45 607.8,975.1 615.75,973.55 623.6,971.8 631.2,969.95 660.1,962.7 687.8,952.75 714.3,940.2 721.3,936.8 728.15,933.3 734.95,929.65 760.15,915.95 784.3,899.65 807.35,880.8 820.6,869.9 833.4,858.3 845.85,845.85 846.95,844.75 848.05,843.65 849.15,842.55 849.8,841.9 850.4,841.25 851.05,840.6 873.65,817.35 893.25,793.1 909.95,767.7 927.5,741.15 941.9,713.25 953.2,684.05 957.15,673.8 960.75,663.4 963.95,652.9 975.65,614.25 982.25,573.5 983.75,530.55 983.95,524.5 984.05,518.3 984.05,512.05 984.05,511.4 984.05,510.7 984.05,510.05 984.05,509.7 984.05,509.4 984.05,509.05 983.85,468.4 979.1,429.55 969.75,392.05 968.65,387.7 967.4,383.05 966.1,378.45 963.85,370.6 961.35,362.65 958.55,354.65 958.25,353.9 957.95,353 957.65,352.1 953.4,340.1 948.65,328.3 943.25,316.5 940.55,310.55 937.6,304.5 934.5,298.45 930.7,291.05 926.55,283.5 922.2,276.05 903.15,243.65 879.5,212.85 851.05,183.6 850.4,182.95 849.8,182.3 849.15,181.65z"/>
    </g>
  </g>
  <g id="criclebg1">
    <g id="shape4">
      <path id="path2" fill="#000000" fill-opacity="0.2" d="M969.75,392.05 C968.65,387.7 967.4,383.05 966.1,378.45 963.85,370.6 961.35,362.65 958.55,354.65 958.25,353.9 957.95,353 957.65,352.1 Q956.156,347.878 954.575,343.7 L779.85,398.05 721.3,339.5 558.75,463.85 434.4,339.5 260.65,388.5 128.05,596.05 516.025,984.025 L516.05,984.05 C524.6,983.95 532.8,983.75 540.85,983.35 541.3,983.3 541.7,983.3 542.15,983.25 544.65,983.1 546.9,982.95 549.1,982.8 559.4,982.05 569.55,981.05 579.45,979.75 587.25,978.7 594.9,977.5 602.4,976.15 604.3,975.8 606.05,975.45 607.8,975.1 615.75,973.55 623.6,971.8 631.2,969.95 660.1,962.7 687.8,952.75 714.3,940.2 721.3,936.8 728.15,933.3 734.95,929.65 760.15,915.95 784.3,899.65 807.35,880.8 820.6,869.9 833.4,858.3 845.85,845.85 846.95,844.75 848.05,843.65 849.15,842.55 849.8,841.9 850.4,841.25 851.05,840.6 873.65,817.35 893.25,793.1 909.95,767.7 927.5,741.15 941.9,713.25 953.2,684.05 957.15,673.8 960.75,663.4 963.95,652.9 975.65,614.25 982.25,573.5 983.75,530.55 983.95,524.5 984.05,518.3 984.05,512.05 984.05,511.4 984.05,510.7 984.05,510.05 984.05,509.7 984.05,509.4 984.05,509.05 983.85,468.4 979.1,429.55 969.75,392.05z"/>
    </g>
  </g>
  <mask id="criclebg2">
    <g id="g">
      <g id="shape17">
        <path id="path13" fill="#FFFFFF" fill-opacity="1" d="M849.15,181.65 C848.05,180.5 846.95,179.4 845.85,178.3 811.5,143.95 774.55,116.05 734.95,94.55 728.25,90.9 721.5,87.45 714.3,84 679.25,67.25 641.8,55.15 602.4,48 599.3,47.45 596.2,46.9 593.05,46.4 592.75,46.35 592.45,46.3 592.2,46.25 588,45.6 583.8,45 579.45,44.4 575.4,43.9 571.25,43.4 567.05,42.95 563.45,42.55 559.85,42.2 556.05,41.9 551.6,41.5 546.9,41.15 542.15,40.9 541.7,40.85 541.3,40.85 540.85,40.85 531.35,40.3 521.75,40.05 512.05,40.05 502.7,40.05 493.45,40.3 484.15,40.8 482.45,40.9 480.75,41 479.05,41.1 475.4,41.3 471.75,41.55 468.05,41.9 461.95,42.4 455.85,43 449.8,43.75 448,43.95 446.25,44.15 444.6,44.4 401,50.15 359.9,61.6 321.3,78.75 317.45,80.45 313.6,82.2 309.75,84.05 262.25,106.7 218.5,138.1 178.3,178.3 177.75,178.85 177.25,179.35 176.75,179.85 176.1,180.5 175.5,181.1 174.9,181.75 134.45,222.9 103.15,267.8 80.9,316.5 73.05,333.65 66.4,351.1 60.85,369 Q40.05,436.2 40.05,512.05 C40.05,640.8 85,750.95 174.9,842.45 175.5,843.05 176.1,843.65 176.75,844.3 177.25,844.8 177.75,845.3 178.3,845.85 218.7,886.2 262.75,917.75 309.75,940.1 313.7,941.95 317.5,943.7 321.3,945.4 326.85,947.85 332.1,950.05 337.4,952.15 343.85,954.75 350,957 356.2,959.1 384.8,968.9 414.4,975.8 444.6,979.75 446.5,980 448.15,980.2 449.8,980.4 461.3,981.8 472.65,982.75 484.15,983.35 484.3,983.35 484.4,983.35 484.55,983.35 493.05,983.8 501.15,984.05 509.05,984.05 510.25,984.05 511.15,984.05 512.05,984.05 521.8,984.05 531.4,983.8 540.85,983.35 541.3,983.3 541.7,983.3 542.15,983.25 544.65,983.1 546.9,982.95 549.1,982.8 559.4,982.05 569.55,981.05 579.45,979.75 587.25,978.7 594.9,977.5 602.4,976.15 604.3,975.8 606.05,975.45 607.8,975.1 615.75,973.55 623.6,971.8 631.2,969.95 660.1,962.7 687.8,952.75 714.3,940.2 721.3,936.8 728.15,933.3 734.95,929.65 760.15,915.95 784.3,899.65 807.35,880.8 820.6,869.9 833.4,858.3 845.85,845.85 846.95,844.75 848.05,843.65 849.15,842.55 849.8,841.9 850.4,841.25 851.05,840.6 873.65,817.35 893.25,793.1 909.95,767.7 927.5,741.15 941.9,713.25 953.2,684.05 957.15,673.8 960.75,663.4 963.95,652.9 975.65,614.25 982.25,573.5 983.75,530.55 983.95,524.5 984.05,518.3 984.05,512.05 984.05,511.4 984.05,510.7 984.05,510.05 984.05,509.7 984.05,509.4 984.05,509.05 983.85,468.4 979.1,429.55 969.75,392.05 968.65,387.7 967.4,383.05 966.1,378.45 963.85,370.6 961.35,362.65 958.55,354.65 958.25,353.9 957.95,353 957.65,352.1 953.4,340.1 948.65,328.3 943.25,316.5 940.55,310.55 937.6,304.5 934.5,298.45 930.7,291.05 926.55,283.5 922.2,276.05 903.15,243.65 879.5,212.85 851.05,183.6 850.4,182.95 849.8,182.3 849.15,181.65z"/>
      </g>
    </g>
  </mask>
  <g id="masked" mask="url(#criclebg2)">
    <g id="Calque.__202">
      <g id="shape6">
        <path id="path3" fill="#82BCFB" fill-opacity="1" d="M796.75,355.25 Q758.9,367.25 726.85,379.2 L614.6,780.15 C679.5,767.2 724.6,750.15 749.8,728.9 775,707.65 809,678.45 851.65,641.5 L809.75,641.5 C811,641.35 814.3,640.4 819.7,638.6 827.15,636.15 834.9,633.05 842.85,629.3 867.3,617.7 888.75,602.8 907.35,584.45 915.65,576.2 923.2,566.65 930,555.8 935.4,547.15 940.6,537.15 945.6,525.75 950.2,515.25 953.7,504.6 956.1,493.7 L928.05,493.7 C930.1,493.2 935.15,486.9 943.05,474.8 951.8,461.25 960.1,446.3 968.1,429.95 990.55,383.85 999.95,347.05 996.25,319.65 995.2,311.55 973.95,311.45 932.55,319.35 894.2,326.65 848.95,338.65 796.75,355.25z M89.95,319.35 C48.55,311.45 27.3,311.55 26.25,319.65 22.55,347.05 31.95,383.85 54.4,429.95 62.4,446.3 70.7,461.25 79.45,474.8 87.35,486.9 92.4,493.2 94.55,493.7 L66.4,493.7 C68.8,504.6 72.3,515.25 76.9,525.75 81.9,537.15 87.1,547.15 92.5,555.8 99.3,566.65 106.85,576.2 115.25,584.45 133.8,602.8 155.3,617.7 179.65,629.3 187.7,633.05 195.4,636.15 202.8,638.6 208.2,640.4 211.5,641.35 212.8,641.5 L170.85,641.5 C213.5,678.45 247.5,707.65 272.7,728.9 297.9,750.15 343,767.2 407.95,780.15 L295.65,379.2 C274.25,371.2 251,363.25 225.75,355.25 173.55,338.65 128.25,326.65 89.95,319.35z"/>
        <path id="path6" fill="#FFFFFF" fill-opacity="1" d="M510.55,650.35 L434.4,339.5 305.85,339.5 436.05,799.9 583.3,799.9 721.3,339.5 593.1,339.5 510.55,650.35z M643.95,541.95 L572.45,784.5 447.05,784.5 379.65,537.35 C417.6,549.25 446.6,549.75 466.75,538.85 L509.75,709.95 553.9,540.35 C596.9,526.45 626.9,526.95 643.95,541.95z M385.25,509.8 C390.25,506.8 396.35,505.35 403.45,505.35 410.55,505.35 416.6,506.8 421.6,509.8 426.65,512.8 429.15,516.35 429.15,520.6 429.15,524.8 426.65,528.35 421.6,531.35 416.6,534.35 410.55,535.85 403.45,535.85 396.35,535.85 390.25,534.35 385.25,531.35 380.2,528.35 377.7,524.8 377.7,520.6 377.7,516.35 380.2,512.8 385.25,509.8z"/>
        <path id="path7" fill="#CCCCCC" fill-opacity="1" d="M643.95,541.95 C626.9,526.95 596.9,526.45 553.9,540.35 L509.75,709.95 466.75,538.85 C446.6,549.75 417.6,549.25 379.65,537.35 L447.05,784.5 572.45,784.5 643.95,541.95z"/>
        <path id="path10" fill="#CCCCCC" fill-opacity="1" d="M385.25,509.8 C380.2,512.8 377.7,516.35 377.7,520.6 377.7,524.8 380.2,528.35 385.25,531.35 390.25,534.35 396.35,535.85 403.45,535.85 410.55,535.85 416.6,534.35 421.6,531.35 426.65,528.35 429.15,524.8 429.15,520.6 429.15,516.35 426.65,512.8 421.6,509.8 416.6,506.8 410.55,505.35 403.45,505.35 396.35,505.35 390.25,506.8 385.25,509.8z"/>
      </g>
    </g>
  </g>
</svg>